p cnf 17 42
c weights 0.2 0.8 0.2 0.8 0.2 0.8 0.1 0.9 0.1 0.9 0.1 0.9 0.1 0.9 0.3 0.7 0.3 0.7 0.3 0.7 0.4 0.6 0.4 0.6 0.4 0.6 0.4 0.6 1.0 1.0 1.0 1.0 1.0 1.0
-15 1 4 5 0
-15 1 4 17 0
-15 1 4 12 0
-15 1 16 5 0
-15 1 16 17 0
-15 1 16 12 0
-15 1 11 5 0
-15 1 11 17 0
-15 1 11 12 0
-15 8 4 5 0
-15 8 4 17 0
-15 8 4 12 0
-15 8 16 5 0
-15 8 16 17 0
-15 8 16 12 0
-15 8 11 5 0
-15 8 11 17 0
-15 8 11 12 0
-1 -8 15 0
-4 -16 -11 15 0
-5 -17 -12 15 0
-16 2 6 0
-16 2 3 0
-16 2 10 0
-16 2 13 0
-16 9 6 0
-16 9 3 0
-16 9 10 0
-16 9 13 0
-2 -9 16 0
-6 -3 -10 -13 16 0
-17 3 7 0
-17 3 2 0
-17 3 9 0
-17 3 14 0
-17 10 7 0
-17 10 2 0
-17 10 9 0
-17 10 14 0
-3 -10 17 0
-7 -2 -9 -14 17 0
15 0
